203 0 0.453034893585229 0.0 0.9994798209559586 方2方3
204 0 0.45805275935075485 0.0 0.9994798209559586 方2方4
205 0 0.4634172820801159 0.0 0.9994798209559586 方2方5
206 0 0.45679138525274676 8.774675811301782E-5 0.9994798209559586 方2方6
207 0 0.4509074128351844 0.0 0.9994798209559586 方2方7
208 0 0.4568743191032983 0.0 0.9994798209559586 方2方8
209 0 0.4605147727260881 0.0 0.9994798209559586 方2方9
210 0 0.46454903199289266 1.7549351622603564E-4 0.9994798209559586 方2方10
211 0 0.46598813618112234 0.0015794416460343209 0.9994798209559586 方2方J
212 0 0.4686985502496287 0.007019740649041426 0.9994798209559586 方2方Q
213 0 0.4734596035359027 0.022375423318819546 0.9994798209559586 方2方K
214 0 0.491409809042809 0.05843934090326987 0.9994798209559586 方2方A
304 0 0.47068032398015996 0.0 0.9994798209559586 方3方4
305 0 0.4757254045476538 0.0 0.9994798209559586 方3方5
306 0 0.4692939690628323 8.774675811301782E-5 0.9994798209559586 方3方6
307 0 0.46428807486207 0.0 0.9994798209559586 方3方7
308 0 0.459203208039514 0.0 0.9994798209559586 方3方8
309 0 0.46544419619532873 0.0 0.9994798209559586 方3方9
310 0 0.4697371392506709 1.7549351622603564E-4 0.9994798209559586 方3方10
311 0 0.4712273207416394 0.0015794416460343209 0.9994798209559586 方3方J
312 0 0.4738997452973242 0.007019740649041426 0.9994798209559586 方3方Q
313 0 0.4785914462205287 0.022375423318819546 0.9994798209559586 方3方K
314 0 0.49616586178898486 0.05843934090326987 0.9994798209559586 方3方A
405 0 0.48821550281256715 0.0 0.9994798209559586 方4方5
406 0 0.48154446502353365 8.774675811301782E-5 0.9994798209559586 方4方6
407 0 0.4767485050653171 0.0 0.9994798209559586 方4方7
408 0 0.47249643774916156 0.0 0.9994798209559586 方4方8
409 0 0.4677545271048018 0.0 0.9994798209559586 方4方9
410 0 0.47463582099770485 1.7549351622603564E-4 0.9994798209559586 方4方10
411 0 0.4763889569313623 0.0015794416460343209 0.9994798209559586 方4方J
412 0 0.4790916612000842 0.007019740649041426 0.9994798209559586 方4方Q
413 0 0.48371818668092187 0.022375423318819546 0.9994798209559586 方4方K
414 0 0.5010939384065461 0.05843934090326987 0.9994798209559586 方4方A
506 0 0.49404218860817045 3.509870324520713E-4 0.9994798209559586 方5方6
507 0 0.48901994129511833 0.0 0.9994798209559586 方5方7
508 0 0.48496663867920153 0.0 0.9994798209559586 方5方8
509 0 0.4810746849185591 0.0 0.9994798209559586 方5方9
510 0 0.476949563060449 1.7549351622603564E-4 0.9994798209559586 方5方10
511 0 0.4812957952880686 0.0015794416460343209 0.9994798209559586 方5方J
512 0 0.48424374022115857 0.007019740649041426 0.9994798209559586 方5方Q
513 0 0.48886754153486955 0.022375423318819546 0.9994798209559586 方5方K
514 0 0.5060952926015211 0.05852708766138289 0.9994798209559586 方5方A
607 0 0.4988818308306319 8.774675811301782E-5 0.9994798209559586 方6方7
608 0 0.494346118533081 8.774675811301782E-5 0.9994798209559586 方6方8
609 0 0.49062898700618507 8.774675811301782E-5 0.9994798209559586 方6方9
610 0 0.4873940629302989 2.6324027433905346E-4 0.9994798209559586 方6方10
611 0 0.4807285831763779 0.0016671884041473386 0.9994798209559586 方6方J
612 0 0.48629218613933334 0.007107487407154444 0.9994798209559586 方6方Q
613 0 0.4912110418748318 0.022463170076932562 0.9994798209559586 方6方K
614 0 0.49850711888050503 0.05843934090326987 0.9994798209559586 方6方A
708 0 0.5043458141147821 0.0 0.9994798209559586 方7方8
709 0 0.5001297212178654 0.0 0.9994798209559586 方7方9
710 0 0.49706174578112294 1.7549351622603564E-4 0.9994798209559586 方7方10
711 0 0.4913347739607211 0.0015794416460343209 0.9994798209559586 方7方J
712 0 0.48589552162592453 0.007019740649041426 0.9994798209559586 方7方Q
713 0 0.4934174456048795 0.022375423318819546 0.9994798209559586 方7方K
714 0 0.5036267681081942 0.05843934090326987 0.9994798209559586 方7方A
809 0 0.5103782272657953 0.0 0.9994798209559586 方8方9
810 0 0.5067924779665939 1.7549351622603564E-4 0.9994798209559586 方8方10
811 0 0.5013011000251382 0.0015794416460343209 0.9994798209559586 方8方J
812 0 0.49682738004532245 0.007019740649041426 0.9994798209559586 方8方Q
813 0 0.4933587734501219 0.022375423318819546 0.9994798209559586 方8方K
814 0 0.5063478561810825 0.05843934090326987 0.9994798209559586 方8方A
910 0 0.5171431080124941 4.387337905650891E-4 0.9994798209559586 方9方10
911 0 0.5114566469345381 0.0018426819203733744 0.9994798209559586 方9方J
912 0 0.5072271485349141 0.007282980923380479 0.9994798209559586 方9方Q
913 0 0.5047624106119184 0.0226386635931586 0.9994798209559586 方9方K
914 0 0.5067056704043067 0.05861483441949591 0.9994798209559586 方9方A
1011 0 0.5243122969056171 0.0032466300501816595 0.9994798209559586 方10方J
1012 0 0.519897299082437 0.008686929053188765 0.9994798209559586 方10方Q
1013 0 0.517734886393558 0.024042611722966883 0.9994798209559586 方10方K
1014 0 0.520964128441053 0.05984328903307816 0.9994798209559586 方10方A
1112 0 0.5212694583943988 0.012986520200726638 0.9994798209559586 方J方Q
1113 0 0.519002405198593 0.02834220287050476 0.9994798209559586 方J方K
1114 0 0.5223519284044287 0.06387963990627697 0.9994798209559586 方J方A
1213 0 0.5218002968177244 0.03860857356972784 0.9994798209559586 方Q方K
1214 0 0.5250776804548742 0.07379502357304799 0.9994798209559586 方Q方A
1314 0 0.5302618237611274 0.09450325848772019 0.9994798209559586 方K方A
1819 0 0.453034893585229 0.0 0.9994798209559586 梅2梅3
1820 0 0.45805275935075485 0.0 0.9994798209559586 梅2梅4
1821 0 0.4634172820801159 0.0 0.9994798209559586 梅2梅5
1822 0 0.45679138525274676 8.774675811301782E-5 0.9994798209559586 梅2梅6
1823 0 0.4509074128351844 0.0 0.9994798209559586 梅2梅7
1824 0 0.4568743191032983 0.0 0.9994798209559586 梅2梅8
1825 0 0.4605147727260881 0.0 0.9994798209559586 梅2梅9
1826 0 0.46454903199289266 1.7549351622603564E-4 0.9994798209559586 梅2梅10
1827 0 0.46598813618112234 0.0015794416460343209 0.9994798209559586 梅2梅J
1828 0 0.4686985502496287 0.007019740649041426 0.9994798209559586 梅2梅Q
1829 0 0.4734596035359027 0.022375423318819546 0.9994798209559586 梅2梅K
1830 0 0.491409809042809 0.05843934090326987 0.9994798209559586 梅2梅A
1920 0 0.47068032398015996 0.0 0.9994798209559586 梅3梅4
1921 0 0.4757254045476538 0.0 0.9994798209559586 梅3梅5
1922 0 0.4692939690628323 8.774675811301782E-5 0.9994798209559586 梅3梅6
1923 0 0.46428807486207 0.0 0.9994798209559586 梅3梅7
1924 0 0.459203208039514 0.0 0.9994798209559586 梅3梅8
1925 0 0.46544419619532873 0.0 0.9994798209559586 梅3梅9
1926 0 0.4697371392506709 1.7549351622603564E-4 0.9994798209559586 梅3梅10
1927 0 0.4712273207416394 0.0015794416460343209 0.9994798209559586 梅3梅J
1928 0 0.4738997452973242 0.007019740649041426 0.9994798209559586 梅3梅Q
1929 0 0.4785914462205287 0.022375423318819546 0.9994798209559586 梅3梅K
1930 0 0.49616586178898486 0.05843934090326987 0.9994798209559586 梅3梅A
2021 0 0.48821550281256715 0.0 0.9994798209559586 梅4梅5
2022 0 0.48154446502353365 8.774675811301782E-5 0.9994798209559586 梅4梅6
2023 0 0.4767485050653171 0.0 0.9994798209559586 梅4梅7
2024 0 0.47249643774916156 0.0 0.9994798209559586 梅4梅8
2025 0 0.4677545271048018 0.0 0.9994798209559586 梅4梅9
2026 0 0.47463582099770485 1.7549351622603564E-4 0.9994798209559586 梅4梅10
2027 0 0.4763889569313623 0.0015794416460343209 0.9994798209559586 梅4梅J
2028 0 0.4790916612000842 0.007019740649041426 0.9994798209559586 梅4梅Q
2029 0 0.48371818668092187 0.022375423318819546 0.9994798209559586 梅4梅K
2030 0 0.5010939384065461 0.05843934090326987 0.9994798209559586 梅4梅A
2122 0 0.49404218860817045 3.509870324520713E-4 0.9994798209559586 梅5梅6
2123 0 0.48901994129511833 0.0 0.9994798209559586 梅5梅7
2124 0 0.48496663867920153 0.0 0.9994798209559586 梅5梅8
2125 0 0.4810746849185591 0.0 0.9994798209559586 梅5梅9
2126 0 0.476949563060449 1.7549351622603564E-4 0.9994798209559586 梅5梅10
2127 0 0.4812957952880686 0.0015794416460343209 0.9994798209559586 梅5梅J
2128 0 0.48424374022115857 0.007019740649041426 0.9994798209559586 梅5梅Q
2129 0 0.48886754153486955 0.022375423318819546 0.9994798209559586 梅5梅K
2130 0 0.5060952926015211 0.05852708766138289 0.9994798209559586 梅5梅A
2223 0 0.4988818308306319 8.774675811301782E-5 0.9994798209559586 梅6梅7
2224 0 0.494346118533081 8.774675811301782E-5 0.9994798209559586 梅6梅8
2225 0 0.49062898700618507 8.774675811301782E-5 0.9994798209559586 梅6梅9
2226 0 0.4873940629302989 2.6324027433905346E-4 0.9994798209559586 梅6梅10
2227 0 0.4807285831763779 0.0016671884041473386 0.9994798209559586 梅6梅J
2228 0 0.48629218613933334 0.007107487407154444 0.9994798209559586 梅6梅Q
2229 0 0.4912110418748318 0.022463170076932562 0.9994798209559586 梅6梅K
2230 0 0.49850711888050503 0.05843934090326987 0.9994798209559586 梅6梅A
2324 0 0.5043458141147821 0.0 0.9994798209559586 梅7梅8
2325 0 0.5001297212178654 0.0 0.9994798209559586 梅7梅9
2326 0 0.49706174578112294 1.7549351622603564E-4 0.9994798209559586 梅7梅10
2327 0 0.4913347739607211 0.0015794416460343209 0.9994798209559586 梅7梅J
2328 0 0.48589552162592453 0.007019740649041426 0.9994798209559586 梅7梅Q
2329 0 0.4934174456048795 0.022375423318819546 0.9994798209559586 梅7梅K
2330 0 0.5036267681081942 0.05843934090326987 0.9994798209559586 梅7梅A
2425 0 0.5103782272657953 0.0 0.9994798209559586 梅8梅9
2426 0 0.5067924779665939 1.7549351622603564E-4 0.9994798209559586 梅8梅10
2427 0 0.5013011000251382 0.0015794416460343209 0.9994798209559586 梅8梅J
2428 0 0.49682738004532245 0.007019740649041426 0.9994798209559586 梅8梅Q
2429 0 0.4933587734501219 0.022375423318819546 0.9994798209559586 梅8梅K
2430 0 0.5063478561810825 0.05843934090326987 0.9994798209559586 梅8梅A
2526 0 0.5171431080124941 4.387337905650891E-4 0.9994798209559586 梅9梅10
2527 0 0.5114566469345381 0.0018426819203733744 0.9994798209559586 梅9梅J
2528 0 0.5072271485349141 0.007282980923380479 0.9994798209559586 梅9梅Q
2529 0 0.5047624106119184 0.0226386635931586 0.9994798209559586 梅9梅K
2530 0 0.5067056704043067 0.05861483441949591 0.9994798209559586 梅9梅A
2627 0 0.5243122969056171 0.0032466300501816595 0.9994798209559586 梅10梅J
2628 0 0.519897299082437 0.008686929053188765 0.9994798209559586 梅10梅Q
2629 0 0.517734886393558 0.024042611722966883 0.9994798209559586 梅10梅K
2630 0 0.520964128441053 0.05984328903307816 0.9994798209559586 梅10梅A
2728 0 0.5212694583943988 0.012986520200726638 0.9994798209559586 梅J梅Q
2729 0 0.519002405198593 0.02834220287050476 0.9994798209559586 梅J梅K
2730 0 0.5223519284044287 0.06387963990627697 0.9994798209559586 梅J梅A
2829 0 0.5218002968177244 0.03860857356972784 0.9994798209559586 梅Q梅K
2830 0 0.5250776804548742 0.07379502357304799 0.9994798209559586 梅Q梅A
2930 0 0.5302618237611274 0.09450325848772019 0.9994798209559586 梅K梅A
3435 0 0.453034893585229 0.0 0.9994798209559586 红2红3
3436 0 0.45805275935075485 0.0 0.9994798209559586 红2红4
3437 0 0.4634172820801159 0.0 0.9994798209559586 红2红5
3438 0 0.45679138525274676 8.774675811301782E-5 0.9994798209559586 红2红6
3439 0 0.4509074128351844 0.0 0.9994798209559586 红2红7
3440 0 0.4568743191032983 0.0 0.9994798209559586 红2红8
3441 0 0.4605147727260881 0.0 0.9994798209559586 红2红9
3442 0 0.46454903199289266 1.7549351622603564E-4 0.9994798209559586 红2红10
3443 0 0.46598813618112234 0.0015794416460343209 0.9994798209559586 红2红J
3444 0 0.4686985502496287 0.007019740649041426 0.9994798209559586 红2红Q
3445 0 0.4734596035359027 0.022375423318819546 0.9994798209559586 红2红K
3446 0 0.491409809042809 0.05843934090326987 0.9994798209559586 红2红A
3536 0 0.47068032398015996 0.0 0.9994798209559586 红3红4
3537 0 0.4757254045476538 0.0 0.9994798209559586 红3红5
3538 0 0.4692939690628323 8.774675811301782E-5 0.9994798209559586 红3红6
3539 0 0.46428807486207 0.0 0.9994798209559586 红3红7
3540 0 0.459203208039514 0.0 0.9994798209559586 红3红8
3541 0 0.46544419619532873 0.0 0.9994798209559586 红3红9
3542 0 0.4697371392506709 1.7549351622603564E-4 0.9994798209559586 红3红10
3543 0 0.4712273207416394 0.0015794416460343209 0.9994798209559586 红3红J
3544 0 0.4738997452973242 0.007019740649041426 0.9994798209559586 红3红Q
3545 0 0.4785914462205287 0.022375423318819546 0.9994798209559586 红3红K
3546 0 0.49616586178898486 0.05843934090326987 0.9994798209559586 红3红A
3637 0 0.48821550281256715 0.0 0.9994798209559586 红4红5
3638 0 0.48154446502353365 8.774675811301782E-5 0.9994798209559586 红4红6
3639 0 0.4767485050653171 0.0 0.9994798209559586 红4红7
3640 0 0.47249643774916156 0.0 0.9994798209559586 红4红8
3641 0 0.4677545271048018 0.0 0.9994798209559586 红4红9
3642 0 0.47463582099770485 1.7549351622603564E-4 0.9994798209559586 红4红10
3643 0 0.4763889569313623 0.0015794416460343209 0.9994798209559586 红4红J
3644 0 0.4790916612000842 0.007019740649041426 0.9994798209559586 红4红Q
3645 0 0.48371818668092187 0.022375423318819546 0.9994798209559586 红4红K
3646 0 0.5010939384065461 0.05843934090326987 0.9994798209559586 红4红A
3738 0 0.49404218860817045 3.509870324520713E-4 0.9994798209559586 红5红6
3739 0 0.48901994129511833 0.0 0.9994798209559586 红5红7
3740 0 0.48496663867920153 0.0 0.9994798209559586 红5红8
3741 0 0.4810746849185591 0.0 0.9994798209559586 红5红9
3742 0 0.476949563060449 1.7549351622603564E-4 0.9994798209559586 红5红10
3743 0 0.4812957952880686 0.0015794416460343209 0.9994798209559586 红5红J
3744 0 0.48424374022115857 0.007019740649041426 0.9994798209559586 红5红Q
3745 0 0.48886754153486955 0.022375423318819546 0.9994798209559586 红5红K
3746 0 0.5060952926015211 0.05852708766138289 0.9994798209559586 红5红A
3839 0 0.4988818308306319 8.774675811301782E-5 0.9994798209559586 红6红7
3840 0 0.494346118533081 8.774675811301782E-5 0.9994798209559586 红6红8
3841 0 0.49062898700618507 8.774675811301782E-5 0.9994798209559586 红6红9
3842 0 0.4873940629302989 2.6324027433905346E-4 0.9994798209559586 红6红10
3843 0 0.4807285831763779 0.0016671884041473386 0.9994798209559586 红6红J
3844 0 0.48629218613933334 0.007107487407154444 0.9994798209559586 红6红Q
3845 0 0.4912110418748318 0.022463170076932562 0.9994798209559586 红6红K
3846 0 0.49850711888050503 0.05843934090326987 0.9994798209559586 红6红A
3940 0 0.5043458141147821 0.0 0.9994798209559586 红7红8
3941 0 0.5001297212178654 0.0 0.9994798209559586 红7红9
3942 0 0.49706174578112294 1.7549351622603564E-4 0.9994798209559586 红7红10
3943 0 0.4913347739607211 0.0015794416460343209 0.9994798209559586 红7红J
3944 0 0.48589552162592453 0.007019740649041426 0.9994798209559586 红7红Q
3945 0 0.4934174456048795 0.022375423318819546 0.9994798209559586 红7红K
3946 0 0.5036267681081942 0.05843934090326987 0.9994798209559586 红7红A
4041 0 0.5103782272657953 0.0 0.9994798209559586 红8红9
4042 0 0.5067924779665939 1.7549351622603564E-4 0.9994798209559586 红8红10
4043 0 0.5013011000251382 0.0015794416460343209 0.9994798209559586 红8红J
4044 0 0.49682738004532245 0.007019740649041426 0.9994798209559586 红8红Q
4045 0 0.4933587734501219 0.022375423318819546 0.9994798209559586 红8红K
4046 0 0.5063478561810825 0.05843934090326987 0.9994798209559586 红8红A
4142 0 0.5171431080124941 4.387337905650891E-4 0.9994798209559586 红9红10
4143 0 0.5114566469345381 0.0018426819203733744 0.9994798209559586 红9红J
4144 0 0.5072271485349141 0.007282980923380479 0.9994798209559586 红9红Q
4145 0 0.5047624106119184 0.0226386635931586 0.9994798209559586 红9红K
4146 0 0.5067056704043067 0.05861483441949591 0.9994798209559586 红9红A
4243 0 0.5243122969056171 0.0032466300501816595 0.9994798209559586 红10红J
4244 0 0.519897299082437 0.008686929053188765 0.9994798209559586 红10红Q
4245 0 0.517734886393558 0.024042611722966883 0.9994798209559586 红10红K
4246 0 0.520964128441053 0.05984328903307816 0.9994798209559586 红10红A
4344 0 0.5212694583943988 0.012986520200726638 0.9994798209559586 红J红Q
4345 0 0.519002405198593 0.02834220287050476 0.9994798209559586 红J红K
4346 0 0.5223519284044287 0.06387963990627697 0.9994798209559586 红J红A
4445 0 0.5218002968177244 0.03860857356972784 0.9994798209559586 红Q红K
4446 0 0.5250776804548742 0.07379502357304799 0.9994798209559586 红Q红A
4546 0 0.5302618237611274 0.09450325848772019 0.9994798209559586 红K红A
5051 0 0.453034893585229 0.0 0.9994798209559586 黑2黑3
5052 0 0.45805275935075485 0.0 0.9994798209559586 黑2黑4
5053 0 0.4634172820801159 0.0 0.9994798209559586 黑2黑5
5054 0 0.45679138525274676 8.774675811301782E-5 0.9994798209559586 黑2黑6
5055 0 0.4509074128351844 0.0 0.9994798209559586 黑2黑7
5056 0 0.4568743191032983 0.0 0.9994798209559586 黑2黑8
5057 0 0.4605147727260881 0.0 0.9994798209559586 黑2黑9
5058 0 0.46454903199289266 1.7549351622603564E-4 0.9994798209559586 黑2黑10
5059 0 0.46598813618112234 0.0015794416460343209 0.9994798209559586 黑2黑J
5060 0 0.4686985502496287 0.007019740649041426 0.9994798209559586 黑2黑Q
5061 0 0.4734596035359027 0.022375423318819546 0.9994798209559586 黑2黑K
5062 0 0.491409809042809 0.05843934090326987 0.9994798209559586 黑2黑A
5152 0 0.47068032398015996 0.0 0.9994798209559586 黑3黑4
5153 0 0.4757254045476538 0.0 0.9994798209559586 黑3黑5
5154 0 0.4692939690628323 8.774675811301782E-5 0.9994798209559586 黑3黑6
5155 0 0.46428807486207 0.0 0.9994798209559586 黑3黑7
5156 0 0.459203208039514 0.0 0.9994798209559586 黑3黑8
5157 0 0.46544419619532873 0.0 0.9994798209559586 黑3黑9
5158 0 0.4697371392506709 1.7549351622603564E-4 0.9994798209559586 黑3黑10
5159 0 0.4712273207416394 0.0015794416460343209 0.9994798209559586 黑3黑J
5160 0 0.4738997452973242 0.007019740649041426 0.9994798209559586 黑3黑Q
5161 0 0.4785914462205287 0.022375423318819546 0.9994798209559586 黑3黑K
5162 0 0.49616586178898486 0.05843934090326987 0.9994798209559586 黑3黑A
5253 0 0.48821550281256715 0.0 0.9994798209559586 黑4黑5
5254 0 0.48154446502353365 8.774675811301782E-5 0.9994798209559586 黑4黑6
5255 0 0.4767485050653171 0.0 0.9994798209559586 黑4黑7
5256 0 0.47249643774916156 0.0 0.9994798209559586 黑4黑8
5257 0 0.4677545271048018 0.0 0.9994798209559586 黑4黑9
5258 0 0.47463582099770485 1.7549351622603564E-4 0.9994798209559586 黑4黑10
5259 0 0.4763889569313623 0.0015794416460343209 0.9994798209559586 黑4黑J
5260 0 0.4790916612000842 0.007019740649041426 0.9994798209559586 黑4黑Q
5261 0 0.48371818668092187 0.022375423318819546 0.9994798209559586 黑4黑K
5262 0 0.5010939384065461 0.05843934090326987 0.9994798209559586 黑4黑A
5354 0 0.49404218860817045 3.509870324520713E-4 0.9994798209559586 黑5黑6
5355 0 0.48901994129511833 0.0 0.9994798209559586 黑5黑7
5356 0 0.48496663867920153 0.0 0.9994798209559586 黑5黑8
5357 0 0.4810746849185591 0.0 0.9994798209559586 黑5黑9
5358 0 0.476949563060449 1.7549351622603564E-4 0.9994798209559586 黑5黑10
5359 0 0.4812957952880686 0.0015794416460343209 0.9994798209559586 黑5黑J
5360 0 0.48424374022115857 0.007019740649041426 0.9994798209559586 黑5黑Q
5361 0 0.48886754153486955 0.022375423318819546 0.9994798209559586 黑5黑K
5362 0 0.5060952926015211 0.05852708766138289 0.9994798209559586 黑5黑A
5455 0 0.4988818308306319 8.774675811301782E-5 0.9994798209559586 黑6黑7
5456 0 0.494346118533081 8.774675811301782E-5 0.9994798209559586 黑6黑8
5457 0 0.49062898700618507 8.774675811301782E-5 0.9994798209559586 黑6黑9
5458 0 0.4873940629302989 2.6324027433905346E-4 0.9994798209559586 黑6黑10
5459 0 0.4807285831763779 0.0016671884041473386 0.9994798209559586 黑6黑J
5460 0 0.48629218613933334 0.007107487407154444 0.9994798209559586 黑6黑Q
5461 0 0.4912110418748318 0.022463170076932562 0.9994798209559586 黑6黑K
5462 0 0.49850711888050503 0.05843934090326987 0.9994798209559586 黑6黑A
5556 0 0.5043458141147821 0.0 0.9994798209559586 黑7黑8
5557 0 0.5001297212178654 0.0 0.9994798209559586 黑7黑9
5558 0 0.49706174578112294 1.7549351622603564E-4 0.9994798209559586 黑7黑10
5559 0 0.4913347739607211 0.0015794416460343209 0.9994798209559586 黑7黑J
5560 0 0.48589552162592453 0.007019740649041426 0.9994798209559586 黑7黑Q
5561 0 0.4934174456048795 0.022375423318819546 0.9994798209559586 黑7黑K
5562 0 0.5036267681081942 0.05843934090326987 0.9994798209559586 黑7黑A
5657 0 0.5103782272657953 0.0 0.9994798209559586 黑8黑9
5658 0 0.5067924779665939 1.7549351622603564E-4 0.9994798209559586 黑8黑10
5659 0 0.5013011000251382 0.0015794416460343209 0.9994798209559586 黑8黑J
5660 0 0.49682738004532245 0.007019740649041426 0.9994798209559586 黑8黑Q
5661 0 0.4933587734501219 0.022375423318819546 0.9994798209559586 黑8黑K
5662 0 0.5063478561810825 0.05843934090326987 0.9994798209559586 黑8黑A
5758 0 0.5171431080124941 4.387337905650891E-4 0.9994798209559586 黑9黑10
5759 0 0.5114566469345381 0.0018426819203733744 0.9994798209559586 黑9黑J
5760 0 0.5072271485349141 0.007282980923380479 0.9994798209559586 黑9黑Q
5761 0 0.5047624106119184 0.0226386635931586 0.9994798209559586 黑9黑K
5762 0 0.5067056704043067 0.05861483441949591 0.9994798209559586 黑9黑A
5859 0 0.5243122969056171 0.0032466300501816595 0.9994798209559586 黑10黑J
5860 0 0.519897299082437 0.008686929053188765 0.9994798209559586 黑10黑Q
5861 0 0.517734886393558 0.024042611722966883 0.9994798209559586 黑10黑K
5862 0 0.520964128441053 0.05984328903307816 0.9994798209559586 黑10黑A
5960 0 0.5212694583943988 0.012986520200726638 0.9994798209559586 黑J黑Q
5961 0 0.519002405198593 0.02834220287050476 0.9994798209559586 黑J黑K
5962 0 0.5223519284044287 0.06387963990627697 0.9994798209559586 黑J黑A
6061 0 0.5218002968177244 0.03860857356972784 0.9994798209559586 黑Q黑K
6062 0 0.5250776804548742 0.07379502357304799 0.9994798209559586 黑Q黑A
6162 0 0.5302618237611274 0.09450325848772019 0.9994798209559586 黑K黑A
202 1 0.5356161488882702 0.1315323904114137 0.9994798209559586 方2方2
203 1 0.4244769236584321 0.0 0.9994798209559586 方2方3
204 1 0.4298350396053358 0.0 0.9994798209559586 方2方4
205 1 0.4355933472406988 0.0 0.9994798209559586 方2方5
206 1 0.42841814418937185 8.774675811301782E-5 0.9994798209559586 方2方6
207 1 0.4220703774989998 0.0 0.9994798209559586 方2方7
208 1 0.4284258460284591 0.0 0.9994798209559586 方2方8
209 1 0.4321915796918784 0.0 0.9994798209559586 方2方9
210 1 0.4363227084137023 1.7549351622603564E-4 0.9994798209559586 方2方10
211 1 0.4374382385468905 0.0015794416460343209 0.9994798209559586 方2方J
212 1 0.4398290506204279 0.007019740649041426 0.9994798209559586 方2方Q
213 1 0.44429548934870217 0.022375423318819546 0.9994798209559586 方2方K
214 1 0.4629580721120524 0.05843934090326987 0.9994798209559586 方2方A
288 1 0.7600104332070315 0.30969828666831994 0.9994798209559586 方2鬼
303 1 0.547441616352445 0.1573583957046776 0.9994798209559586 方3方3
304 1 0.44325202905991407 0.0 0.9994798209559586 方3方4
305 1 0.44863544497900226 0.0 0.9994798209559586 方3方5
306 1 0.4416928367081004 8.774675811301782E-5 0.9994798209559586 方3方6
307 1 0.43627628355316944 0.0 0.9994798209559586 方3方7
308 1 0.4308192247947822 0.0 0.9994798209559586 方3方8
309 1 0.4374478696023592 0.0 0.9994798209559586 方3方9
310 1 0.4418913590828998 1.7549351622603564E-4 0.9994798209559586 方3方10
311 1 0.4430698851154048 0.0015794416460343209 0.9994798209559586 方3方J
312 1 0.4454168506629256 0.007019740649041426 0.9994798209559586 方3方Q
313 1 0.44980231794236597 0.022375423318819546 0.9994798209559586 方3方K
314 1 0.4680274034400794 0.05843934090326987 0.9994798209559586 方3方A
388 1 0.7672208487467121 0.30969828666831994 0.9994798209559586 方3鬼
404 1 0.5590858887661863 0.18298315939825374 0.9994798209559586 方4方4
405 1 0.4619037775053572 0.0 0.9994798209559586 方4方5
406 1 0.45467444861234513 8.774675811301782E-5 0.9994798209559586 方4方6
407 1 0.44951046285248447 0.0 0.9994798209559586 方4方7
408 1 0.44493243846016506 0.0 0.9994798209559586 方4方8
409 1 0.4398217660251541 0.0 0.9994798209559586 方4方9
410 1 0.44711488215237294 1.7549351622603564E-4 0.9994798209559586 方4方10
411 1 0.4486098754742737 0.0015794416460343209 0.9994798209559586 方4方J
412 1 0.4509955127745082 0.007019740649041426 0.9994798209559586 方4方Q
413 1 0.45530586488106706 0.022375423318819546 0.9994798209559586 方4方K
414 1 0.4733048153118382 0.05843934090326987 0.9994798209559586 方4方A
488 1 0.7742903819710186 0.30969828666831994 0.9994798209559586 方4鬼
505 1 0.570652774604687 0.2084066814921421 0.9994798209559586 方5方5
506 1 0.4679588435885299 3.509870324520713E-4 0.9994798209559586 方5方6
507 1 0.4625257087596169 0.0 0.9994798209559586 方5方7
508 1 0.4581867826945667 0.0 0.9994798209559586 方5方8
509 1 0.4539785256079668 0.0 0.9994798209559586 方5方9
510 1 0.44949101015041115 1.7549351622603564E-4 0.9994798209559586 方5方10
511 1 0.4538420918106459 0.0015794416460343209 0.9994798209559586 方5方J
512 1 0.45652359712584584 0.007019740649041426 0.9994798209559586 方5方Q
513 1 0.46083400930253565 0.022375423318819546 0.9994798209559586 方5方K
514 1 0.4786681000228843 0.05852708766138289 0.9994798209559586 方5方A
588 1 0.7814671959187108 0.3350662471084225 0.9994798209559586 方5鬼
606 1 0.5804227646006171 0.23362896198634267 0.9994798209559586 方6方6
607 1 0.4729039104184993 8.774675811301782E-5 0.9994798209559586 方6方7
608 1 0.4679858410276903 8.774675811301782E-5 0.9994798209559586 方6方8
609 1 0.46398640059195817 8.774675811301782E-5 0.9994798209559586 方6方9
610 1 0.46045114650256885 2.6324027433905346E-4 0.9994798209559586 方6方10
611 1 0.4529923408179901 0.0016671884041473386 0.9994798209559586 方6方J
612 1 0.45855557913707884 0.007107487407154444 0.9994798209559586 方6方Q
613 1 0.46321607391603087 0.022463170076932562 0.9994798209559586 方6方K
614 1 0.4703924392440054 0.05843934090326987 0.9994798209559586 方6方A
688 1 0.7813406561855943 0.36078214546583026 0.9994798209559586 方6鬼
707 1 0.5908200827918647 0.25888478274715787 0.9994798209559586 方7方7
708 1 0.47851376558160885 0.0 0.9994798209559586 方7方8
709 1 0.47391426693486544 0.0 0.9994798209559586 方7方9
710 1 0.47057814572819645 1.7549351622603564E-4 0.9994798209559586 方7方10
711 1 0.4641338551495012 0.0015794416460343209 0.9994798209559586 方7方J
712 1 0.45787045436083085 0.007019740649041426 0.9994798209559586 方7方Q
713 1 0.4654017215547631 0.022375423318819546 0.9994798209559586 方7方K
714 1 0.47584037890246605 0.05843934090326987 0.9994798209559586 方7方A
788 1 0.7818819205782193 0.30969828666831994 0.9994798209559586 方7鬼
808 1 0.601729506757951 0.2841406035079731 0.9994798209559586 方8方8
809 1 0.4847370462696643 0.0 0.9994798209559586 方8方9
810 1 0.48077678069174007 1.7549351622603564E-4 0.9994798209559586 方8方10
811 1 0.4746139862498863 0.0015794416460343209 0.9994798209559586 方8方J
812 1 0.4694021962734146 0.007019740649041426 0.9994798209559586 方8方Q
813 1 0.46507610048751724 0.022375423318819546 0.9994798209559586 方8方K
814 1 0.4786059157012995 0.05843934090326987 0.9994798209559586 方8方A
888 1 0.7837735140171056 0.30969828666831994 0.9994798209559586 方8鬼
909 1 0.6133069391824282 0.30939642426878833 0.9994798209559586 方9方9
910 1 0.49172245629764477 4.387337905650891E-4 0.9994798209559586 方9方10
911 1 0.4853236990372805 0.0018426819203733744 0.9994798209559586 方9方J
912 1 0.4804022181241968 0.007282980923380479 0.9994798209559586 方9方Q
913 1 0.4771747276078897 0.0226386635931586 0.9994798209559586 方9方K
914 1 0.4787070164582164 0.05861483441949591 0.9994798209559586 方9方A
988 1 0.7866151956060408 0.30969828666831994 0.9994798209559586 方9鬼
1010 1 0.6260135976417587 0.33469154473593987 0.9994798209559586 方10方10
1011 1 0.4990368575733087 0.0032466300501816595 0.9994798209559586 方10方J
1012 1 0.4938823715558936 0.008686929053188765 0.9994798209559586 方10方Q
1013 1 0.4909933030306534 0.024042611722966883 0.9994798209559586 方10方K
1014 1 0.4939637349878368 0.05984328903307816 0.9994798209559586 方10方A
1088 1 0.791551343592315 0.3349934071354715 0.9994798209559586 方10鬼
1111 1 0.6380326404139942 0.36026752258716743 0.9994798209559586 方J方J
1112 1 0.49505707363861584 0.012986520200726638 0.9994798209559586 方J方Q
1113 1 0.49198727069986065 0.02834220287050476 0.9994798209559586 方J方K
1114 1 0.4950417278133175 0.06387963990627697 0.9994798209559586 方J方A
1188 1 0.7868530468676982 0.3605693849866991 0.9994798209559586 方J鬼
1212 1 0.6521205835316652 0.3872630329345091 0.9994798209559586 方Q方Q
1213 1 0.4945785208557561 0.03860857356972784 0.9994798209559586 方Q方K
1214 1 0.4974454115638458 0.07379502357304799 0.9994798209559586 方Q方A
1288 1 0.7827476996443727 0.3875648953340407 0.9994798209559586 方Q鬼
1313 1 0.6689662009610893 0.41740726285676344 0.9994798209559586 方K方K
1314 1 0.5024486430634753 0.09450325848772019 0.9994798209559586 方K方A
1388 1 0.779696279750472 0.41770912525629506 0.9994798209559586 方K鬼
1414 1 0.6892492123536587 0.45352979121014636 0.9994798209559586 方A方A
1488 1 0.7849118448566866 0.45389873414290727 0.9994798209559586 方A鬼
8888 1 0.9332815703870061 0.7611023025562427 0.9994798209559586 鬼鬼
